 11111 11111 10000 00000 00000 00111 11111 11111 11111 11111 11111 11111 1111
 00111 11111 11000 00000 00000 01111 11111 11111 11111 11111 11111 11111 1111
 00000 01111 11100 00000 00000 11111 11111 11111 11111 11111 11111 11111 1111
 00000 00111 11100 00000 00000 11111 11111 11110 11111 11111 11111 11111 1111
 00000 00001 11110 00000 00000 01111 11110 00000 00001 11111 11111 11111 1111
 00000 00001 11110 00000 00000 01111 11000 00000 00000 01111 11111 11111 1111
 00000 00000 11111 00000 00000 01111 10000 00000 00000 00000 11111 11111 1111
 00000 00000 01111 00000 00000 11111 00000 00000 00000 00000 00000 00011 1111
 00000 00000 01110 00000 00000 11111 00000 00000 00000 00000 00000 00001 1111
 00000 00000 01110 00000 00000 11111 00000 00000 00000 00000 00000 00000 1111
 00000 00000 00110 00000 00000 11111 00000 00000 00000 00000 00000 00000 0111
 00000 00000 01110 00000 00001 11110 00000 00000 00000 00000 00000 00000 0111
 00000 00000 01100 00000 00001 11100 00000 00000 00000 00000 00000 00000 0111
 00000 00000 01100 00000 00011 11100 00000 00000 00000 00000 00000 00000 0111
 00000 00000 01100 00000 00011 11000 00000 00000 00000 00000 00000 00000 0011
 00000 00000 11000 00000 00011 11000 00000 00000 00000 00000 00000 00000 0011
 00000 00001 11000 00000 00111 11000 00000 00000 00000 00000 00000 00000 0011
 00000 00011 11000 00000 00111 11000 00000 00000 00000 00000 00000 00000 0111
 00000 00011 11000 00000 00111 11000 00000 00000 00000 00000 00000 00000 0111
 00000 00011 11000 00000 00011 11100 00000 00000 00000 00000 00000 00000 0111
 00000 00001 11000 00000 00011 11100 00000 00000 00000 00000 00000 00000 1111
 00000 00001 11100 00000 00000 11110 00000 00000 00000 00000 00000 00000 1111
 00000 00001 11100 00000 00000 00111 11111 00000 00000 00000 00000 00001 1111
 00000 00001 11100 00000 00000 00001 11111 11000 00000 00000 00000 00001 1111
 00000 00001 11110 00000 00000 00000 11111 11110 00000 00000 00000 00001 1111
 00000 00001 11110 00000 00000 00000 01111 11111 00000 00000 00000 00000 1111
 00000 00011 11111 00000 00000 00000 00111 11111 10000 00000 00000 00000 1111
 00000 00001 11111 10000 00000 00000 00011 11111 11000 00000 00000 00001 1111
 00000 00001 11111 11000 00000 00000 00001 11111 11110 00000 00000 00001 1111
 00000 00000 11111 11100 00000 00000 00000 11111 11111 10000 00000 00001 1111
 00000 00000 01111 11110 00000 00000 00000 01111 11111 10000 00000 00001 1111
 00000 00000 00111 11111 11100 00000 00000 01111 11111 11000 00000 00011 1111
 00000 00000 00011 11111 11110 00000 00000 01111 11111 11000 00000 00011 1111
 00000 00000 00011 11111 11111 00000 00000 01111 11111 11000 00000 00111 1111
 00000 00000 00001 11111 11111 10000 00000 00111 11111 11100 00000 01111 1111
 00000 00000 00001 11111 11111 10000 00000 00011 11111 11111 00001 11111 1111
 00000 00000 00011 11111 11111 11000 00000 00000 00001 11111 11100 11111 1111
 00000 00000 00011 11111 11111 11000 00000 00000 00000 01111 00000 00111 1111
 00000 00000 00111 11111 11111 11000 00000 00000 00000 00110 00000 00011 1111
 00000 00000 01111 11000 00011 11000 00000 00000 00000 00110 00000 00011 1111
 00000 00000 11111 10000 00000 11100 00000 00000 00000 00010 00000 00001 1111
 00000 00001 11111 00000 00000 01110 00000 00000 00000 00010 00000 00001 1111
 00000 00001 11110 00000 00000 00111 00000 00000 00000 00100 00000 00000 1111
 00000 00001 11100 00000 00000 00011 10000 00000 00000 00100 00000 00000 1111
 00000 00001 11100 00000 00000 00001 11100 00000 00000 01100 00000 00000 1111
 00000 00001 11000 00000 00000 00000 11111 11000 00111 11000 00000 00000 1111
 00000 00001 11000 00000 00000 00000 01111 11111 11111 11000 00000 00001 1111
 00000 00001 10000 00000 00000 00000 00011 11111 11111 00000 00000 00001 1111
 00000 00011 10000 00000 00000 00000 00000 00000 00000 00000 00000 00001 1111
 00000 00011 00000 00000 00000 00000 00000 00000 00000 00000 00000 00001 1111
 00000 00110 00000 00000 00000 00000 00000 00000 00000 00000 00000 00011 1111
 00001 11100 00000 00000 00000 00000 00000 00000 00000 00000 00000 00111 1111
 11111 11000 00000 00000 00000 00000 00000 00000 00000 00000 00000 00111 1111
 11111 11000 00000 00000 00000 00000 00000 00000 00000 00000 00000 01111 1111
 11111 11000 00000 00000 00000 00000 00000 00000 00000 00000 00000 11111 1111
 11111 11000 00000 00000 00000 00000 00000 00000 00000 00000 00011 11111 1111
 11111 11000 00000 00000 00000 00000 00000 00000 00000 00000 00011 11111 1111
 11111 11000 00000 00000 00000 00000 00000 00000 00000 00000 01111 11111 1111
 11111 11000 00000 00000 00000 00000 00000 00000 00000 00000 11111 11111 1111
 11111 11100 00000 00000 00000 00000 00000 00000 00000 00001 11111 11111 1111
 11111 11111 00000 00000 00000 00000 00000 00000 00000 00011 11111 11111 1111
 11111 11111 11111 00000 00000 00000 00000 00000 00000 00011 11111 11111 1111
 11111 11111 11111 11000 00000 00000 00000 00000 00000 00011 11111 11111 1111
 11111 11111 11111 11100 00000 00011 11000 00000 00000 00111 11111 11111 1111
